69
2 0.7827857984127379 0.8201084470230263 0.8051793481751528 0.7902502493272795 0.7977148972606114 0.7502532676551493 0.765016476681447 0.623719525626037 0.6633537957049116 0.7006762472964096 0.7902502493272795 0.7977148972606114 0.8574308986145246 0.864895349529066 0.864895349529066 0.864895349529066 0.9022179981393545 0.887288899291481 0.9333983889379467 1.0 0.9987800596494091 0.909607384894727 0.9022635094799532 0.8935458220392312 
3 0.8126042527129509 0.8126042527129509 0.7786925167932324 0.7532586719643298 0.6769572232558498 0.6684792463868066 0.7023910680847523 0.6471126619814599 0.6515233784269474 0.7193469360446115 0.7617366488333731 0.8465159886326693 0.8889057014214309 0.8889057014214309 0.880427810330615 0.880427810330615 0.9058615693812901 0.8719498334615717 0.9143395462503334 0.9397733910792359 1.0 0.9486996449639173 0.9156828332891576 0.8973836782904742 
4 0.8091992195663626 0.8348975831725312 0.8192787403806457 0.8298030609824979 0.7959548029771634 0.777347754979243 0.7827731948001787 0.6901421861753096 0.6808156957551572 0.7407856594760347 0.8680587484406861 0.8445622555417248 0.912352537135753 0.916088743592592 0.9861908664945731 0.9660847985090489 0.9491009344595336 0.9250231843507365 1.0 0.9713525467470049 0.8939222914654543 0.884615358824906 0.8781295520732029 0.8909006703959813 
5 0.905763310263878 0.8821408974401975 0.8375937225879141 0.8427583681781958 0.8701471158995179 0.8347946228072191 0.8500697998761793 0.8647815550543322 0.8518578795542787 0.9154768027972162 0.9192540426346797 0.9372780906706092 0.9454582825744183 0.954638920093723 0.9490243631225996 0.9261144063672953 0.8758867492258732 0.9093072504796933 0.9616020546228435 0.9540137035439237 0.9783168489746795 0.9744720315555913 1.0 0.985160690071201 
6 0.8152169192875054 0.82494233546419 0.8054915031108209 0.8203051628644464 0.8015187154150386 0.7719402821551242 0.8110714695266624 0.762183315279804 0.7568644222273978 0.8054915031108209 0.9513728324388334 0.961098248615518 1.0 0.961098248615518 0.9416474162621488 0.9027457515554104 0.9027457515554104 0.9027457515554104 0.961098248615518 0.9805491676466308 0.991488158910121 0.9634449618431572 0.9446117950900005 0.8930203353787258 
7 0.8107029832882193 0.8243093608560629 0.772760411415889 0.7656111166277179 0.7862167035942419 0.7522501817321826 0.7778695303161117 0.6404857612171774 0.6838392145834487 0.6951031988654152 0.7908201560130044 0.8517949227173947 0.8862372455844196 0.9039856008986931 0.8484781872110573 0.8049497100244155 0.8751361570105417 0.87291352883345 0.9682793013297718 0.925570532931994 1.0 0.9955486795896756 0.9752945804772262 0.9375412071564959 
8 0.626763528361227 0.5541897299153529 0.4919836856560349 0.5023513024540142 0.505469061431997 0.4951361352497116 0.5023513024540142 0.4430847554940146 0.626763528361227 0.7719109878643983 0.8652201572948078 0.8859555282793433 0.8755878427870757 0.9896323145077323 1.0 0.9274262015541258 0.9377938870463934 0.9313002159542347 0.9202653028377403 0.7719109878643983 0.8568894635395102 0.8156345590249148 0.704143866173634 0.6682342016360094 
9 0.7865595114944023 1.0 0.9937228278291547 0.9874457422973557 1.0 1.0 0.8996416609051701 0.5432230071719802 0.5852714487954573 0.5887890807077371 0.5861664301420707 0.66124150287555 0.6550795606360692 0.6319839301897222 0.663286357642517 0.6945895648467268 0.6930227843363536 0.6978719717487398 0.6484816507164183 0.6411095342804715 0.711252765951548 0.7363611947177906 0.6610358217800165 0.6610358217800165 
10 0.9852989412845389 1.0 0.9926494706422695 0.9338453698799138 0.9632473532113475 0.9191443111644528 0.9485462944958863 0.7647834628510891 0.8015359755402532 0.8970927230912613 0.9485462944958863 0.941195765138156 0.9338453698799138 0.9191443111644528 0.8897421937335309 0.9044432524489919 0.9117937818067223 0.8823916643758004 0.941195765138156 0.8676906056603394 0.9630954184909785 0.9401162642564519 0.8689774243511261 0.9801554213070677 
11 0.07598651795212544 0.06724740608134336 0.05954133526042255 0.7336543102129001 0.7336543102129001 0.7336543102129001 0.7894101143575658 0.8420673831984651 1.0 0.067008348782248 0.17116110718016436 0.25374737012477416 0.3320382436812943 0.3583431683204402 0.36086463498007887 0.40844879441640525 0.39349340897472046 0.3839405225439851 0.4178186648493086 0.3258686058785757 0.34314833368244846 0.25030768829828237 0.2340245551035892 0.18738310440984296 
12 0.8491960632320886 0.7917469317502395 0.7773846488797772 0.7271166922051019 0.7558412579460264 0.7271166922051019 0.763022366009315 0.7342978670122754 0.7702035408164887 0.842014888424915 0.8491960632320886 0.9138263027772263 0.9210074775843999 0.8994640199067641 0.6912110184008886 0.6696675607232526 0.8563771712953773 0.9066451947139377 0.8994640199067641 0.9353697604548622 1.0 0.9210074775843999 0.9066451947139377 0.9066451947139377 
13 0.4167574603480692 0.4167574603480692 1.0 0.9397772742611965 0.9472978836233911 0.9021356602227257 0.9096562695849202 0.8268524321457841 0.8569637950151858 0.9472978836233911 0.4167574603480692 0.4167574603480692 0.4167574603480692 0.4167574603480692 0.4167574603480692 0.4167574603480692 0.4167574603480692 0.4167574603480692 0.4167574603480692 0.4167574603480692 0.4167574603480692 0.4167574603480692 0.4167574603480692 0.4167574603480692 
14 0.7703690519245898 0.796021722673806 0.7447163811753735 0.7618183074489546 0.7447163811753735 0.7190637104261574 0.710512747289367 0.5693824965243809 0.5993511011557117 0.7361654180385832 0.8216743934230222 0.8576946641867575 0.924112334107248 0.9582193197626389 0.9501555336797217 1.0 0.9819757609736193 0.9460687566882979 0.9974162997896916 0.8578684998051728 0.9224205527491609 0.849262434057262 0.7963768283899147 0.7777683267567346 
15 0.813428390834698 0.8145690441970341 0.8061255824428777 0.7746887359284121 0.7827913151103021 0.75502995245971 0.7565108774936455 0.6706992898483378 0.7172827056872001 0.7239422356765175 0.8361027836299798 0.884628150872916 0.8981167357866833 0.9135529738440843 0.8900290218543604 0.9083125661045429 0.8909182895921668 0.8904974808492823 0.9852331054402332 0.9695001732921559 0.9916616131605923 1.0 0.9618132101974797 0.9131507975715477 
16 0.8074415601947704 0.8035976117503806 0.7438817476940185 0.7438817476940185 0.738919192742758 0.6800260103747445 0.720114868016729 0.6793694689526213 0.7339291036846249 0.7737396797221995 0.857718304700981 0.8733221236548719 1.0 0.9661711418501049 0.9628399159006793 0.9361250155380578 0.9345777591246828 0.9310648882663269 0.9293334473904751 0.9198103889125766 0.9161921934123981 0.9045983295084093 0.8885061143093149 0.8596680135211178 
17 0.7835509073588227 0.7835509073588227 0.727382273587676 0.7086594416189769 0.689936540717753 0.727382273587676 0.6712136398165293 0.6150450060453824 0.6337679069466062 0.727382273587676 0.8022738082600466 0.8209967091612703 0.8771653429324172 0.8958881749011163 0.8958881749011163 0.8771653429324172 0.8771653429324172 0.9146110758023401 0.9520568776047877 0.933333976703564 1.0 0.9447104627164653 0.8895836061912437 0.8958881749011163 
18 0.8126041827736943 0.8126041827736943 0.7786924649777431 0.7532586226407434 0.6769571676164595 0.6684792201707929 0.7023910099534593 0.6471126272473172 0.6515233252794596 0.7193469048447924 0.7617365700864099 0.8465159725563606 0.8889056377979783 0.8889056377979783 0.8804276903523116 0.8804276903523116 0.9058615326893114 0.8719498148933603 0.9143394801349781 0.9397733224719779 1.0 0.9486996031804308 0.9156827522421702 0.8973835852436448 
19 0.8712605593310441 0.8462264012472408 0.8226696082078956 0.762513090475367 0.7473165456163314 0.6919067411454355 0.6763749439739355 0.6993112224222533 0.7357101360856357 0.7863253644964824 0.8947122669374213 0.9074733398894732 0.9077056340044549 0.9227573141269497 0.9113542683086373 0.9283655577600808 0.9151835049055115 0.9773768506151008 0.9266127157202915 0.9250866369832227 1.0 0.9605982807257362 0.94312516845046 0.8784072196670578 
20 0.7656452186755923 0.7858627539195572 0.7441087205676101 0.7043482561313528 0.809022147724801 0.7033773995929317 0.6042808915555168 0.5688758374357864 0.6709670201666397 0.7029956830014159 0.7115994309301833 0.7775317292913948 0.8141472331308874 0.7987422078199565 0.7999560185663109 0.7922362206312296 0.7485308712693205 0.8130510583152518 0.7930971235854279 0.831813269044897 0.9067199885533037 0.8985872644940671 1.0 0.9438262022752228 
21 0.8603378677237662 0.7867397597986663 0.762241936640871 0.7322713326250441 0.7118121855417502 0.7090827844320764 0.6956787655907123 0.5516045032385859 0.5829455315728264 0.6549899972198041 0.7024699679302416 0.7715104068663994 0.810718935193593 0.7976100784719358 0.7777879661408609 0.7563265564164339 0.7918504191319358 0.8288328348673499 0.8573533420767897 0.8772306786594566 1.0 0.8997212728476679 0.9113806655408206 0.8744744132523938 
22 0.80462555596326 0.8103104786262811 0.7237640417881573 0.714147527864729 0.714147527864729 0.6852987155853545 0.6852987155853545 0.617984577103177 0.6949148647633276 0.7237640417881573 0.805206595473217 0.8789355122740493 0.890911199800995 0.906473429387833 0.906473429387833 0.9160895785658062 0.9384025170354365 0.9554893826245479 0.9712401856116673 0.9904272555311825 1.0 0.9419026144224729 0.916709281094003 0.8845452973733221 
23 0.5840786189008558 0.6208791801385375 0.6108886841141311 0.6421398293372611 0.6760642959110319 0.6910794593005275 0.6533761587258224 0.7177470580505947 0.6697376104291549 0.69413924140194 0.7650777148063087 0.8084719943853645 0.8976487160993485 0.9994680235632641 0.9979918044797714 1.0 0.9596328645454504 0.8687081476530782 0.7628794510676261 0.7266180375868655 0.7256928243487891 0.6985745617688113 0.7014768571615881 0.693447801908486 
24 0.7703692682576627 0.7960217122369078 0.7447168242784177 0.7618188004165986 0.7447168242784177 0.7190643802991727 0.7105128720020559 0.5693822916460743 0.5993515877879592 0.7361653159813009 0.8216751966722055 0.8576947447605234 0.9241122568844375 0.9582194467478986 0.9501559123394966 1.0 0.9819761797991295 0.9460690009645027 0.9974165476211533 0.8578685009213238 0.9224204753427522 0.8492628889094668 0.7963775482069301 0.7777689917044439 
25 0.8126042535696155 0.8126042535696155 0.7786924352983107 0.753258657220531 0.6769571859860734 0.6684792827936665 0.7023910325644123 0.6471126569099493 0.6515233394077345 0.7193469074497851 0.7617365604129378 0.8465160033403613 0.8889056563035139 0.8889056563035139 0.880427753111107 0.880427753111107 0.9058615311888868 0.871949781418141 0.9143395028818527 0.9397733494601916 1.0 0.948699588811694 0.9156827988451628 0.8973836279964799 
26 0.7446566282600053 0.6612742329643316 0.6017154138004444 0.5778919588342369 0.5586830949420762 0.5586830949420762 0.5540683827024504 0.530244806570664 0.5778919588342369 0.6017154138004444 0.6612742329643316 0.7208330521282188 0.7684802043917919 0.7446566282600053 0.7684802043917919 0.7446566282600053 0.7923036593579994 0.8399508116215723 0.9156148383729935 0.7803918712921061 1.0 1.0 0.9879447518886382 0.9397246076022435 
27 0.4370232209504523 0.9565639998284021 0.9566989421462542 0.8837729401940347 0.8812667006728163 0.8717245084632412 0.8597211799350395 0.8437577314528871 0.8280930365944172 0.8752366081686455 0.9699972614863311 0.41420246959867846 0.41374225532467546 0.42987619978926367 0.43403957798681636 1.0 0.43846659689137557 0.43298883497399293 0.45332296008645706 0.4793071060903721 0.5400386418382596 0.5172646832227252 0.5637936318391586 0.5487545786361849 
28 0.5840786868307052 0.620879029309657 0.6108884974777592 0.642139701830825 0.676064179388975 0.6910794024117267 0.6533759904339212 0.7177470342968505 0.6697374848837415 0.694139110200519 0.765077458781179 0.8084716668454752 0.8976484778539653 0.9994677410450815 0.9979917900879008 1.0 0.9596326892409738 0.8687080689832604 0.7628791563851804 0.7266178432783819 0.7256929001238466 0.6985742542906217 0.7014766800790369 0.6934474860399205 
29 0.9852990166938007 1.0 0.9926494484089409 0.9338453953082244 0.9632473619206233 0.9191442921261062 0.9485463786144238 0.7647834279693776 0.8015360660487543 0.8970927572288476 0.9485463786144238 0.9411958270233647 0.9338453953082244 0.9191442921261062 0.8897422056377885 0.9044433088199068 0.911793740535047 0.8823917739226482 0.9411958270233647 0.86769067074053 0.9630954791314607 0.9401163443742652 0.8689774188532934 0.9801555006443932 
30 0.9370572606691041 0.936971586199872 0.9010974661014377 0.8845185206737999 0.9000352127572256 0.8031886092802805 0.8760985365736604 0.7407579721194363 0.7970029126017311 0.8264191223654137 0.8739791299928265 0.8740782702137536 0.8908955631155375 0.9069366123038004 0.9049491480747258 0.9002645341416796 0.9064160711068008 0.9212798026529879 0.8688754266432629 0.875644223392491 1.0 0.9644873637863081 0.9710867929338339 0.9179606966629557 
31 0.7618950003748294 0.7110420874597486 0.6762633937410124 0.6507621422809401 0.6167091010482193 0.610561900126246 0.5757280178619523 0.5550967711070024 0.5981701494469079 0.6738803762645684 0.7336430783333487 0.7864619763949364 0.8305170871981156 0.9097114967522268 0.9067702719125117 0.8735624013937244 0.904949690643 0.9118935800813776 0.9732042525080995 0.8971145403663418 1.0 0.9167760577395208 0.901407628278662 0.8761738191434627 
32 0.7375103933257233 0.7139524068435195 0.6786152632522481 0.6903942564933501 0.6432781196609768 0.5961621466965693 0.6197201331787731 0.5843829895875017 0.6079411399376712 0.7139524068435195 0.7846265301580966 0.9259747767872506 0.9377537700283524 0.9259747767872506 0.9377537700283524 0.9259747767872506 0.890637797063945 0.9024167903050467 0.9377537700283524 0.9613119203785219 1.0 0.8945548969155789 0.8608629876997428 0.8553006534726736 
33 0.7751475195187966 0.1133340650434504 0.03747621808008492 0.07982774985942476 0.05868755023130945 0.07274604047730245 0.04769902381072698 0.0 0.0 0.0 0.0 0.7346705389366879 0.7338542851873441 0.7624711245408171 0.7698553885461189 0.0 0.7777076466174876 0.7679917808139813 0.8040585449633185 0.8501463044723045 0.9578660500560531 0.9174717891953882 1.0 0.973325303834043 
34 0.6407104113463202 0.6356081551676832 0.5766024355754417 1.0 0.6224752537937147 0.6008368333298157 0.5943257845972014 0.4976625651632511 0.8564772799223317 0.5407177982735696 0.5478936704586227 0.5622506912053354 0.5837783077604948 0.5766024355754417 0.5981300521306009 0.5909541799455478 0.5622506912053354 0.6081921023194952 0.6073373293092168 0.6228973639222474 0.5393723222388721 0.49794221312340387 0.5260336421772441 0.5785441421666913 
35 0.7636447225236409 0.8486220993500191 0.7795745945552685 0.7680315904021399 0.7803903600358504 0.7328499626171986 0.781546672775878 0.7584049385544388 0.8613260600694406 0.907434611056331 0.9055538614189366 0.9290438826102638 0.8840885484792244 1.0 0.9419846784692091 0.9538094080824249 0.9429026081276247 0.9061962573856187 0.8358809880204762 0.9065120375716504 0.9442833724704692 0.9207236938851644 0.9560632117631216 0.9207236938851644 
36 0.9852989791986548 1.0 0.9926493983781607 0.9338453151727802 0.9632473567754704 0.9191442943714351 0.9485463359741253 0.7647834847361447 0.8015359455183406 0.8970926719482507 0.9485463359741253 0.941195734352286 0.9338453151727802 0.9191442943714351 0.8897422527687449 0.90444327357009 0.9117936927495958 0.8823916511469055 0.941195734352286 0.8676906303455604 0.9630953823115589 0.9401162230642138 0.8689773961246329 0.9801553824867035 
37 0.7312253137651267 0.6476156041656396 0.6099349369913243 0.5842314877205669 0.5455662015656756 0.45204127657165605 0.5880702600146451 0.4675187126910301 0.5330415267437635 0.5503198368220473 0.6282647003504236 0.6908427878303139 0.7004106839924547 0.6766315512679343 0.636358224544988 0.7222563698018527 0.690312861220219 0.7762548322477324 0.7747512430997237 0.7782083659744021 0.9582197971962463 1.0 0.9705695341503188 0.961435513117601 
38 0.8250423397239023 0.8483700098120737 0.8017146696357309 0.8017146696357309 0.7900508345916453 0.7550591948445758 0.7550591948445758 0.6150930397007351 0.6150930397007351 0.6384207097889065 0.7200676897123188 0.7667230298886615 0.7900508345916453 0.8017146696357309 0.7783868649327472 0.8133785046798166 0.8133785046798166 0.836706174767988 0.8600338448561593 0.8833615149443307 1.0 0.9883361649559144 0.965008494867743 0.9416808247795716 
39 0.7703691078412316 0.796021820333663 0.7447163953488001 0.7618179908912779 0.7447163953488001 0.7190636828563686 0.7105128850851298 0.5693825902693261 0.599351237344165 0.7361652783988464 0.8216745328260945 0.8576944891560627 0.9241120687536487 0.9582191870454296 0.950155455993075 1.0 0.9819756587928469 0.946068691727941 0.9974162483031662 0.8578684415556642 0.922420421564863 0.8492624258667537 0.7963767470645932 0.7777683088092369 
40 0.8458253175306261 0.8084528932897903 0.774427448904172 0.7254028432292459 0.7857389041196421 0.6993431846893363 0.6864250743045255 0.5269455467083226 0.6364451247320058 0.7090427427936404 0.7750453427967856 0.8360739952508007 0.8297921832163507 0.8001182057881522 0.8145499268749117 0.8499166531249837 0.8493138298151167 0.9202196111527555 0.8979977092714225 0.8083238104723514 1.0 0.9836104136416295 0.9685562119631597 0.8990251298691088 
41 0.7636438301076502 0.8486219521096456 0.7795749220004815 0.7680319466000302 0.7803898298510541 0.732849802906262 0.781545822993253 0.7584054382691293 0.8613253597823982 0.9074340947460275 0.905554305079289 0.9290434889932496 0.8840890006288282 1.0 0.941984935921157 0.9538092502884161 0.9429025987177027 0.9061965962642464 0.83588012049109 0.906511920046755 0.944283022634251 0.9207237586827748 0.9560626546099893 0.9207237586827748 
42 0.8074416367163604 0.8035976245749082 0.7438816988221357 0.7438816988221357 0.7389193141126624 0.6800260958480583 0.7201148539485529 0.6793694528475337 0.7339291055472349 0.7737396250881852 0.8577183193365915 0.8733220841971847 1.0 0.9661711701652115 0.9628399224007301 0.9361250667681018 0.9345777674943411 0.9310648592387466 0.9293335564123187 0.9198104756085462 0.9161922028036928 0.9045983681308483 0.8885061481569075 0.8596680394322616 
43 0.7805413417704862 0.8734020069748017 0.7673176024785718 0.6334179541908047 0.7078733558561479 0.6026161161825192 0.6106989505599152 0.6295570536090154 0.638749902063652 0.7999321194812713 0.8857005006167618 0.8617486341955832 1.0 0.8846646250773688 0.8915860107348971 0.882705732997734 0.8194071905630393 0.8473717021456998 0.7863551901393433 0.8846970710076294 0.7124838977783124 0.7197738295749856 0.6473388269054203 0.7812575464651728 
44 0.7006041710262844 0.497812351812993 0.5126238531405567 0.42374908568016756 0.4089356645209348 0.39412416319337124 0.37931074203413845 0.5126238531405567 0.5422506954590222 0.652497029060492 0.8137744082598838 0.8687814252446345 0.9125324691531047 1.0 0.9416198387725365 0.9558246732926458 0.9832725066666155 0.9402663574457792 0.9109697261744091 0.8814465547660781 0.9198163105058949 0.793318601824992 0.6805553689052544 0.5365391962432734 
45 0.8491960538793789 0.7917470200835329 0.7773847342926272 0.7271166793405691 0.7558412509223805 0.7271166793405691 0.7630224485017215 0.7342978769199103 0.7702035367132861 0.8420149656678144 0.8491960538793789 0.9138263946223427 0.9210074828339072 0.8994641088314369 0.6912110195471933 0.6696676455447231 0.85637725145872 0.9066451970430015 0.8994641088314369 0.9353697686248128 1.0 0.9210074828339072 0.9066451970430015 0.9066451970430015 
46 0.8107029682765882 0.8243094005422722 0.7727604145361171 0.7656111898323281 0.7862166805450485 0.7522501968810714 0.7778695785577566 0.6404857708693495 0.6838392841833205 0.695103216478119 0.7908201599896814 0.8517949754230039 0.8862372391600123 0.9039856500516423 0.8484782674723208 0.8049497747710973 0.8751361722948874 0.8729135244260398 0.9682792802108787 0.9255705571607036 1.0 0.9955486765442823 0.9752946076444222 0.9375412540240138 
47 0.7666184236672751 0.7839058913452281 0.7579746204937206 0.7579746204937206 0.7839058913452281 0.6023868567155185 0.6196743243934716 0.6196743243934716 0.6283181275670261 0.6974682756171505 0.7925496945187827 0.9740687291484924 0.9740687291484924 0.9913563354956015 0.9913563354956015 1.0 0.9740687291484924 0.9222061874454771 0.8962749165939694 0.9308499906190316 0.8962749165939694 0.8876311134204148 0.8703436457424618 0.844412236221798 
48 0.4826116405082212 0.6282705590915666 0.3041156607117026 0.2576004146776604 0.30558707326775636 0.16454619014899463 0.2125113765128502 0.25976308223636624 0.3037412152225276 0.34947743382033847 0.5834403177588119 0.7185514760837071 0.7207137669366893 0.6286830518588168 0.6303062768214475 0.7248379411977434 0.5826379345677227 0.6734409656926563 0.7189892081344327 1.0 0.6629233418920873 0.7498997962775447 0.9375120545831525 0.8038124126042722 
49 0.8879676364396423 0.771249362389783 0.7643190708166682 0.7111714470060769 0.6856848233013012 0.7047310506096358 0.7411830908316088 0.5488503339102958 0.5596097268186804 0.7119525754223913 0.776094580832601 0.8610519884013077 0.8578310505958758 0.7644487256808549 0.7963926363467614 0.7365726202776768 0.7744581224764774 0.8572481369122342 0.9653070897302477 0.9597343729940305 1.0 0.9230737635384241 0.9179057667483881 0.863528984553011 
50 0.9852989275447144 1.0 0.9926494637723573 0.9338451739512146 0.9632473188617858 0.9191441014959288 0.9485462464065001 0.7647838533254621 0.8015355218536434 0.8970924928130003 0.9485462464065001 0.9411957101788574 0.9338451739512146 0.9191441014959288 0.8897419565853576 0.9044430290406431 0.911793565268286 0.8823914203577147 0.9411957101788574 0.867690347902429 0.9630954273568753 0.9401162678839591 0.8689773752540386 0.9801558811884397 
51 0.8070629594436474 0.8318578102887608 0.7905331533303365 0.7377240255972989 0.7380137512731283 0.6971617226054456 0.7134862414306016 0.6645884811588347 0.6706907130949347 0.8070629594436474 0.9640964008703955 0.9558314978137399 0.988891251715509 0.9475665947570845 0.9310367886437736 0.9310367886437736 0.9723614456021981 0.9558314978137399 0.9806263486588536 0.9806263486588536 1.0 0.9515240066411642 0.9274640247840836 0.9074246419266914 
52 1.0 0.9680836793729296 0.9875600709186769 0.8563556587194203 0.7746018600600321 0.2686025443630539 0.21879908707755955 0.4701006236488904 0.3939262274685454 0.3089171293488235 0.1921598702934727 0.2358998584736932 0.27793686527006645 0.314313791816358 0.314313791816358 0.26743514673634117 0.39442973452153224 0.17688649901242634 0.29835222942814044 0.26705314235058086 0.31961811225680026 0.18389963296474285 0.05114873481702671 0.19075238339632034 
53 0.7827858045064688 0.8201083583593859 0.805179336818219 0.7902503152770523 0.7977148260476357 0.7502531396610201 0.765016351361295 0.6237195107302282 0.663353726574994 0.7006762332289812 0.7902503152770523 0.7977148260476357 0.857430865013373 0.8648953757839566 0.8648953757839566 0.8648953757839566 0.9022179296368735 0.8872889080957067 0.9333983923383675 1.0 0.9987800964566772 0.9096073941088466 0.9022635710021291 0.8935458814426126 
54 0.7618950183148261 0.7110421189992967 0.6762634052955745 0.6507621923227257 0.6167091054139424 0.6105618995070284 0.5757280241760951 0.5550967740431098 0.5981701350723894 0.6738803792788154 0.7336430837229624 0.7864619813240364 0.8305171027277097 0.9097114923020019 0.9067702918275973 0.8735624092966506 0.9049497395234444 0.9118936192352456 0.9732042740715285 0.8971145295288863 1.0 0.9167760426276231 0.9014075906479692 0.8761738787761668 
55 0.7577856859035099 0.7854673851848274 0.7647060490999461 0.7577856859035099 0.7162632602293197 0.6747408345551297 0.6885815609480023 0.6262979224367173 0.6678203481109073 0.7993081115777 0.8062285980219224 0.8961939358145249 0.8892734493703025 0.9100346622073975 0.8754325997296437 0.8477510236961124 0.8408306604996761 0.8685122365332074 0.8823530861738662 0.9446367246851513 1.0 0.9247245658473483 0.8754325997296437 0.8269898108590175 
56 0.7968625780664514 0.8018077878013244 0.737224022387808 0.7429650922985125 0.7430749054919016 0.7065555003159033 0.7062373846265622 0.6136041988987183 0.6634139979753073 0.7095452453908553 0.8018077878013244 0.8133786631537865 0.8387128237972614 0.8571653417952296 0.8571653417952296 0.8479390827962455 0.8756178597931982 0.878433607100289 0.9202340372273387 0.9311522663173579 1.0 0.9449774999523017 0.9356593176042588 0.8825520776461114 
57 0.229197217891197 0.21350936292209768 0.9308316640935014 0.9135395573937644 0.9135395573937644 0.7924949922805042 0.8097870080877919 0.7233266563740056 0.7924949922805042 0.8443712214872657 0.9135395573937644 0.19341613271897307 0.10112412145630789 1.0 0.965415786600526 0.9135395573937644 0.965415786600526 0.19610200459661292 0.22198462935967903 0.1895914693437038 0.23234864089429444 0.25097014055790146 0.21566569538995314 0.21347809591952888 
58 0.8247007426823941 0.8247007426823941 0.7768894713848842 0.8087636522498909 0.7450152905198777 0.7450152905198777 0.7290782000873745 0.6493971166448231 0.6493971166448231 0.6653342070773264 0.7290782000873745 0.7450152905198777 0.7768894713848842 0.7928265618173875 0.7928265618173875 0.7928265618173875 0.8406378331148974 0.8247007426823941 0.8565749235474006 0.8884447356924421 1.0 0.9621450415028396 0.9362560069899519 0.9203189165574487 
59 0.9069238716722965 0.9038603502085083 0.869367930386557 0.868046417884081 0.846284320915617 0.8350911120271087 0.8311136598448633 0.7185674882095041 0.764963089457878 0.8042469205526678 0.8460246891109885 0.8586194413365952 0.9367318779676986 0.8952728944395968 0.9584540264342649 0.9379326081486914 0.9274804205499911 0.9571957489976071 0.9886034351696708 0.9736891939636944 1.0 0.9800385298951301 0.9174481271714052 0.921969467835099 
60 0.8879676406489456 0.7712493396693393 0.7643190461106257 0.7111714283745303 0.6856848035903927 0.704731021152206 0.7411830558974212 0.5488503295652999 0.5596097092311316 0.7119525374638883 0.7760945567366322 0.8610519331796463 0.8578310166608881 0.7644486764751662 0.7963925806280668 0.7365726230650796 0.7744580773499989 0.85724809588322 0.9653070647479314 0.9597343254789135 1.0 0.9230737652618664 0.917905719871515 0.8635289306219714 
61 0.8070629594436474 0.8318578102887608 0.7905331533303365 0.7377240255972989 0.7380137512731283 0.6971617226054456 0.7134862414306016 0.6645884811588347 0.6706907130949347 0.8070629594436474 0.9640964008703955 0.9558314978137399 0.988891251715509 0.9475665947570845 0.9310367886437736 0.9310367886437736 0.9723614456021981 0.9558314978137399 0.9806263486588536 0.9806263486588536 1.0 0.9515240066411642 0.9274640247840836 0.9074246419266914 
62 0.7703690062707474 0.796021757671362 0.7447164014891211 0.7618181868832014 0.7447164014891211 0.7190636500885066 0.7105126840819723 0.5693825243948338 0.5993511523299443 0.7361654354825868 0.8216743624529885 0.8576946891230264 0.924112064411481 0.9582193065244423 0.9501555554154529 1.0 0.9819755413136387 0.9460686977404108 0.997416133572244 0.8578684326239564 0.9224205211454637 0.8492623378778866 0.7963767222416166 0.7777682801255469 
63 0.10763250841471424 0.07277647594942716 0.05305861298153223 0.8320192860051429 0.7907287696750901 0.7921379777027373 0.7564841771735981 0.906145303118716 1.0 0.05722796591707795 0.18362866879970857 0.27596971156479894 0.3227079404731733 0.39286535515101234 0.3745068033600004 0.420008311489407 0.4182801823316996 0.4892831683499972 0.583751049840208 0.49381808259545507 0.5650368230616963 0.45786001595536124 0.4100013759434605 0.32199077501440204 
64 0.8760908832104607 0.9127281160729186 0.8882047179164989 0.8327328771829935 0.858507907369413 0.7977362639520159 0.8200717602363866 0.7469015971806375 0.7196184731070907 0.8016384108690744 0.9216920101701238 0.9173996485613595 0.9446398244770141 0.9603024041151698 1.0 0.958780812235562 0.9355802173422206 0.9440299606349456 0.9441183111311808 0.9545166737019839 0.9742470574376393 0.9698933413176004 0.9470768256648375 0.9623639156939932 
65 0.07598648959309626 0.06724740195818377 0.05954128278130471 0.7336542349702618 0.7336542349702618 0.7336542349702618 0.7894100101976457 0.8420673516183604 1.0 0.0670083172705677 0.1711610579615319 0.2537473695379229 0.33203817338355524 0.35834314783049503 0.3608646188850967 0.4084488378810117 0.3934933125843663 0.38394053534692624 0.417818646955148 0.3258684208975107 0.34314830206251806 0.25030775669478383 0.2340245332956079 0.18738297759465242 
66 0.4167628817464822 0.4167628817464822 1.0 0.9397746813396548 0.9473028953423598 0.902133873566993 0.9096620220094822 0.8268522580216694 0.856964917351842 0.9473028953423598 0.4167628817464822 0.4167628817464822 0.4167628817464822 0.4167628817464822 0.4167628817464822 0.4167628817464822 0.4167628817464822 0.4167628817464822 0.4167628817464822 0.4167628817464822 0.4167628817464822 0.4167628817464822 0.4167628817464822 0.4167628817464822 
67 0.8879673482656023 0.771248233546587 0.7643178668015116 0.711170757915743 0.6856841649020945 0.7047302574845704 0.7411812776255254 0.5488489270347512 0.5596101838014529 0.711951835079846 0.7760949753712375 0.8610517903823667 0.8578304114425548 0.7644487988116792 0.7963916943956585 0.7365715678882473 0.774458325244143 0.8572479897421543 0.965305274754051 0.9597338919765768 1.0 0.9230729291296634 0.9179056296249475 0.8635282113332942 
68 0.775147498867826 0.11333402587932909 0.03747615329918602 0.07982773799200188 0.05868738158958021 0.07274618082399054 0.04769894661674675 0.0 0.0 0.0 0.0 0.7346704669478381 0.7338541406294066 0.7624708747297793 0.7698554135508957 0.0 0.7777076375202706 0.767991777474748 0.8040583772954197 0.8501463313877643 0.9578657961958432 0.9174716791863562 1.0 0.9733252249424339 
69 0.7703687004097344 0.7960224899987292 0.7447164238723227 0.7618184459144581 0.7447164238723227 0.7190641473349111 0.7105123797880517 0.5693824933879646 0.5993515060915457 0.7361661693770464 0.8216747665361409 0.8576944725199572 0.9241128978569139 0.9582201066398756 0.9501555417027278 1.0 0.9819765295438453 0.9460687893771677 0.9974172209478968 0.857868473451997 0.9224213061871707 0.8492622360481514 0.7963765440691404 0.7777690357019653 
70 0.770369174469917 0.7960218535244742 0.74471649541536 0.7618184043182162 0.74471649541536 0.7190638163608029 0.710513046209102 0.5693825811692859 0.5993511912397179 0.7361657252636591 0.8216745325790313 0.8576948084978392 0.9241123756529739 0.9582196204015374 0.9501557701295847 1.0 0.9819758552613149 0.9460687393751206 0.9974161178220784 0.8578687874404896 0.9224205041555902 0.8492627273705736 0.7963768147994155 0.7777684399249236 
