69
2 0.6767999453676903 0.5807999519498962 0.503999924304631 0.45919994931701386 0.4495999664307494 0.43999990126691 0.4495999664307494 0.40479990916555725 0.4975999631396464 0.5327999552409992 0.6319999703800729 0.6319999703800729 0.6447999749876172 0.6351999098237778 0.6383999315450577 0.6319999703800729 0.6575999795951614 0.7375999466841314 0.8015999697218524 0.823999957215661 1.0 0.9807999519498962 0.9776000125061913 0.8527999881520292 
3 0.7972313605828276 0.7321923639365506 0.6709792159490715 0.6403726180357049 0.617417717439934 0.6097660679615924 0.6365468172161611 0.5791594700482259 0.6633275664707299 0.6939341643840965 0.7589731610303734 0.789579711104486 0.831663759315738 0.8125346595395108 0.8010572092416254 0.8278379584961941 0.8584445564095607 0.8622703572291045 0.8890511064836732 0.8737478553662439 0.9961741513412022 1.0 0.9732192507454313 0.9005286046208126 
4 0.6731302651764355 0.5933455402213593 0.5253606549080716 0.5035090632980616 0.4630793724049426 0.4427337827089585 0.4558829860919654 0.43413161836407427 0.5248206356016378 0.6230451858168713 0.7444542155779353 0.7174730778730594 0.7336888582389601 0.6855116677027383 0.7311474298498917 0.733272478285927 0.7420336884428032 0.8093551511393138 0.8956018380389618 0.8900955672246851 1.0 0.9642147395104352 0.9835453440601369 0.8711072723166436 
5 0.7618713147784334 0.6475510192252727 0.5890411556978284 0.5582205446301216 0.54692464964637 0.5269657482105851 0.5708076291665666 0.6027472009234116 0.6667443001316783 0.7401489493625311 0.8037527374641212 0.8366062964855149 0.8046841884945549 0.7664368098848529 0.7464883716536281 0.7649484002174238 0.7817890408696534 0.8340067547136548 0.8482204535475496 0.8151489738268584 0.9519726866701559 0.9902120108705921 1.0 0.9231166739896552 
6 0.7236662452849864 0.6576761191794931 0.6246810372154421 0.5958103215855933 0.566939643778353 0.5793127806035678 0.5751884142693657 0.5793127806035678 0.6164322667244294 0.6906711633209356 0.7772832345652649 0.8144027206861264 0.8391490321591646 0.7607856935832394 0.7566613272490373 0.7319150157759992 0.7486307175633404 0.8020295460383031 0.8515221689843794 0.9051391582646579 1.0 0.9711293221927597 0.9546317812107342 0.835024628002354 
7 0.6432517972458054 0.551141306597863 0.47500053759343913 0.44598122665592366 0.43890742005096695 0.41861883168792136 0.44177972453267744 0.3928540379284223 0.5009843002545339 0.5563273995666911 0.6480346524013129 0.690773142782185 0.6822303471479292 0.6482130069305281 0.604171232792181 0.5864445292970305 0.6559331222138087 0.7143776143151851 0.80611977226277 0.7875729182681226 1.0 0.9730517827436027 0.9770296323213004 0.8413514753769042 
8 0.6680921456117775 0.5574561832197126 0.48369888588766 0.45419597351243346 0.43944450093083415 0.4357566409824273 0.44682025361561983 0.44682025361561983 0.6201499007065446 0.7270979703622307 0.8377339327542955 0.8746125650263358 0.8451096526511092 0.8635489851811153 0.867236845129522 0.8709247050779289 0.9078033701379412 0.9446820024099815 0.9668091948883945 0.848797512599516 1.0 0.9889363873668074 0.8893640376079351 0.7602887754738361 
9 1.0 0.899834300113045 0.861060459009774 0.870753943412661 0.8824748254539231 0.86429160439269 0.79966860022609 0.5702567954976573 0.6251864117696477 0.6898094159362478 0.7447390322082382 0.760894759122819 0.7576636137399028 0.7124274818707995 0.7188897726366318 0.7253521116566027 0.7576636137399028 0.7867439704402867 0.8449047320951933 0.7835128250573705 0.9224523660475967 0.9224523660475967 0.8824748254539231 0.8255178115435579 
10 0.8074911690985299 0.7579055641513364 0.7287375700122617 0.6762351706214161 0.6733183761777642 0.6674847872904602 0.687902348396024 0.594564777091496 0.6208159767869187 0.6733183761777642 0.7229039811249577 0.7374879533432176 0.7404047477868695 0.7073543379644518 0.693735986985883 0.7199871866813058 0.7520719752640325 0.7491551808203805 0.8045743746548779 0.8162415524294857 0.9883327725228371 1.0 0.9562479839401105 0.9533311894964585 
11 0.6631094831261585 0.7046971090801601 0.6632990362315156 0.5294068807415733 0.5294068807415733 0.5294068807415733 0.5695896687411867 0.607540417710936 0.7213627193266804 0.912065977013101 0.9106736714954307 0.9087161410313666 0.9895988005494027 0.9051765711879762 0.8632767791059215 0.9030400317359859 0.9037046123946282 0.9040910091093944 0.9862728243991118 0.9063628747770974 1.0 0.8671306841529508 0.8675912512023307 0.7856379721264147 
12 0.7762189285669967 0.7373004800736175 0.7113548378727947 0.6825726029866317 0.6918956284339599 0.6886524120529659 0.6886524120529659 0.7145980542537888 0.7956781380058314 0.8313533997339264 0.8540558255537551 0.9124334834859692 0.8800014381388681 0.876758251373584 0.5881130892463788 0.594599492392657 0.8540558255537551 0.8702718482273057 0.8605422287000335 0.8572990123190395 1.0 0.9675679546528988 0.9578383351256267 0.9189198866322474 
13 0.5744876004982449 0.5744876004982449 0.8669912807156607 0.7768882346280149 0.751149360208357 0.7382742611255804 0.7811799343222738 0.7296965236100101 0.8798663797984374 1.0 0.5744876004982449 0.5744876004982449 0.5744876004982449 0.5744876004982449 0.5744876004982449 0.5744876004982449 0.5744876004982449 0.5744876004982449 0.5744876004982449 0.5744876004982449 0.5744876004982449 0.5744876004982449 0.5744876004982449 0.5744876004982449 
14 0.6809223264726146 0.6095990226348393 0.5406767704395009 0.5195065861119288 0.49698345280240036 0.4894757416992242 0.4707064155836821 0.3993832084611102 0.4631987044805059 0.5683066599249722 0.6659069042662623 0.7635071486075525 0.8160611263297857 0.8235688374329618 0.8123072224205958 0.8498457779364766 0.8648612001428289 0.8911382373615474 0.8986459484647235 0.7597532446983627 1.0 0.9249228889682383 0.9436922150837804 0.8123072224205958 
15 0.6564879154424205 0.5615694285448236 0.5178972420569894 0.46452997867082146 0.45207906954459115 0.44578450085920995 0.4500801303529705 0.42591096849526133 0.5198270204276128 0.5548514424631003 0.6324127581307394 0.6925993438454668 0.6583241095555971 0.6376402608068101 0.631760843842338 0.628698994828489 0.6621721317102224 0.7011380200615881 0.7776591214903917 0.7810331048239882 1.0 0.9965879105016947 0.9639158903547413 0.8356159828836073 
16 0.6928070831064148 0.5950639230832073 0.5182656734565262 0.4938298834507243 0.4624124158395107 0.43448578703100293 0.43099498903486666 0.45193994023796275 0.5531739798704457 0.633463027493263 0.6893162851102785 0.7591328571315479 0.8114952759458576 0.7172429139187863 0.7032795995145324 0.7172429139187863 0.7416787039245881 0.7940411227388978 0.8184769127446997 0.8114952759458576 0.9825458467930402 1.0 0.9546192179845325 0.8114952759458576 
17 0.6326712595213729 0.5301609194705537 0.46182068178841174 0.4105655117630021 0.39348044410626987 0.47036319914438435 0.4276505794197343 0.44473561413167956 0.47036319914438435 0.6070436745086681 0.6582988445340777 0.7180965319154601 0.7351815995721923 0.6924689469027552 0.6924689469027552 0.7351815995721923 0.7180965319154601 0.7949793198983613 0.8633195246357164 0.846234489923771 1.0 0.9572873473305631 0.9060321773051534 0.7778942522416292 
18 0.7972313595448539 0.7321923641377877 0.6709792177081902 0.6403726444933915 0.6174176817915498 0.6097660275576025 0.6365467955159227 0.5791594543428038 0.6633275634742429 0.6939341366890417 0.758973132096108 0.7895797053109067 0.8316637817371215 0.8125346680127485 0.8010572085223228 0.8278379327596527 0.8584445496954418 0.8622703549519203 0.8890511229102404 0.873747814442346 0.9961741510225312 1.0 0.9732192320416797 0.9005285824006661 
19 0.7362453805002596 0.6444286319603467 0.5932631472713019 0.5503639224296065 0.516814635651177 0.4911624970739114 0.47902206733428226 0.4814080099755057 0.5401398303088022 0.5698533893692411 0.6661590010300213 0.6881053807787983 0.6829481198533512 0.6496404082768767 0.6437102020951843 0.6616295971546304 0.7119500217393834 0.7717876984660714 0.7678466601763303 0.7620282510871123 1.0 0.9525909262350954 0.9318003395502819 0.8116946817588926 
20 0.645404548528103 0.570405417479376 0.510259489107829 0.4489098233288787 0.41261559450873975 0.4491994026732993 0.4056330645874955 0.4155855953254473 0.4588762146392807 0.5216260114752745 0.657481585163302 0.7108418037423971 0.7027084198286363 0.6374428224731483 0.6371387428375491 0.6390402001381366 0.6493603559053821 0.7706695786663186 0.7747646314868278 0.7667095064975165 0.88536858780598 0.8869973116886632 1.0 0.8776691464296977 
21 0.6851252283981553 0.5606832745758977 0.4860050992082741 0.44899236947225224 0.42033043181736396 0.42125834936541157 0.4273007318174455 0.3988568125685748 0.4912277289597972 0.5363320918784534 0.5998948224238919 0.6457630650033758 0.6329411195408198 0.6256782066961233 0.5750199355238517 0.5940324914973405 0.616467453124587 0.7172911830305281 0.7642397638786127 0.7581397323288338 1.0 0.936897996385227 0.9443595365757903 0.8357351267365918 
22 0.686608086247405 0.5779655645761007 0.48603734995649545 0.444251740382161 0.427537433330462 0.4191802798046126 0.427537433330462 0.427537433330462 0.5528942620534653 0.6030368670987362 0.6740724349860873 0.7534649983443747 0.7075008910345721 0.6657152814602377 0.6824295885119368 0.6573581279343883 0.7283936958217394 0.774357803131542 0.841214715228512 0.8453933710188931 1.0 0.9958215022645318 0.9373215856384985 0.8286790639671942 
23 0.637253959517132 0.5929878552977366 0.556069544342072 0.5558699723709111 0.5704426794905769 0.47802296850030856 0.6014415632316349 0.6600922340082498 0.7426029561425275 0.784741269994588 0.8638832185734103 0.9101282412985237 0.9432894402378472 1.0 0.9929558802968766 0.9713403712157261 0.9996431555642761 0.9294116771148205 0.8797192116584294 0.8332613407151462 0.9122135674415559 0.8976684011221361 0.8796388294184767 0.8362692177793392 
24 0.6809221304685573 0.6095989448533066 0.5406766229415252 0.5195064998656216 0.4969833886187003 0.48947568486972654 0.47070642549729214 0.39938323988204155 0.4631987217483184 0.568306574233951 0.6659067229706097 0.7635068717072686 0.816061258150143 0.8235689618991168 0.8123074062756561 0.8498459250205249 0.8648613325184724 0.8911382956398806 0.8986459993888543 0.7597530198327818 1.0 0.9249229625102625 0.9436922218826967 0.8123074062756561 
25 0.7972313909248484 0.7321924085190619 0.6709792365585363 0.6403726300946385 0.6174176854885327 0.6097660645980107 0.6365468196493775 0.579159458134113 0.6633275747007443 0.6939341401973722 0.7589731635704288 0.7895797290670564 0.8316638078340072 0.8125346736731623 0.8010572013701094 0.8278379564214763 0.858444562885374 0.8622703733306349 0.8890511283820018 0.8737478456336879 0.996174189554739 1.0 0.9732192449486331 0.9005286006850548 
26 0.7448964697027513 0.6615897942244374 0.6020850035469503 0.5782831187461237 0.5677096142675253 0.5677096142675253 0.554481233945297 0.53067929669419 0.5782831187461237 0.6020850035469503 0.6615897942244374 0.7210945849019246 0.7686984069538583 0.7448964697027513 0.7686984069538583 0.7448964697027513 0.7925002917546848 0.8401041138066184 0.9156942515803925 0.7805993231291313 1.0 1.0 0.987956104360323 0.9397813610061013 
27 0.40884460367753533 0.8780590059875275 0.8085682605422316 0.7263995665343029 0.7053834988126882 0.7089921055163347 0.7134499061521937 0.697514718154591 0.7461442505277671 0.8571265327208432 1.0 0.3929441107607032 0.3791499514229081 0.3753859728265899 0.3654704609185777 0.9488849152234455 0.4094549108380191 0.4252919419958727 0.45637598899879467 0.4529889215264913 0.573831410395617 0.5746528323480381 0.6238378043170388 0.5695776422989692 
28 0.6372539761839331 0.5929878549775218 0.5560695785090403 0.5558699804564879 0.5704426856365153 0.4780229685384692 0.6014415885835517 0.660092274858551 0.7426029561559908 0.7847413125549259 0.8638832154919409 0.9101282560262933 0.943289477195698 1.0 0.9929558804973379 0.9713404207104549 0.9996431515832092 0.9294117194910677 0.8797192394958607 0.8332613829706189 0.9122135653905239 0.8976684095548023 0.8796388543165171 0.836269218226833 
29 0.8074911846639645 0.7579055993217919 0.7287375744026994 0.6762351821824417 0.6733183753043567 0.6674848054099443 0.6879024096947818 0.5945647650430915 0.6208159830840991 0.6733183753043567 0.7229040045082868 0.7374879950369544 0.7404048019150393 0.7073543535250642 0.6937359795891943 0.7199871976302019 0.7520719855656219 0.7491551786875368 0.8045743777858795 0.8162416052982197 0.9883328163494175 1.0 0.9562479845522399 0.9533312215359124 
30 0.734479093830855 0.6283562082799427 0.5673333617016934 0.5352334936411272 0.5531134524894251 0.516068895806359 0.5806200935218699 0.5369958479686341 0.5930716345166702 0.67530816490663 0.7731346521155319 0.830436039083607 0.7848883921622357 0.7681747105986197 0.7480027577384868 0.7678790055423973 0.7737834123521165 0.8284285570835874 0.8730362728436994 0.7989088375289195 1.0 0.9214028405708097 0.9475559389942655 0.7883057614185132 
31 0.6390526046614439 0.5659748405122363 0.4878266834622488 0.461834581115845 0.42712830613770303 0.45122456184453 0.43893093256852234 0.44445251301335836 0.49800884092752906 0.5966055140941438 0.6564748623801158 0.665013244842628 0.6861169502070356 0.7195999832937282 0.7095212549877481 0.696599328045378 0.7316569272516725 0.762121267044633 0.8691511598447419 0.8081171598234651 1.0 0.9339869793523877 0.9059716450437337 0.8128939518173783 
32 0.6877841087994294 0.608310931221769 0.5458678020522978 0.5061312132634675 0.48910124663968324 0.4550413133921145 0.449364657850853 0.4266580356858072 0.47774793555716033 0.5969576201392461 0.6594008310931221 0.7842871712164694 0.818347104464038 0.7048140754232138 0.7388740086707826 0.7559038935101622 0.7275206975882597 0.7842871712164694 0.818347104464038 0.8353770710878224 1.0 0.9659400667524312 0.9034969375829599 0.8126704489227766 
33 0.6553700172749148 0.09518863546196735 0.03826348594833607 0.06382546398010537 0.049117529695474574 0.058712339717111206 0.04401897856528658 0.0 0.0 0.0 0.0 0.6298817997486645 0.607770074826006 0.6017364782580045 0.5858421119946535 0.009733318700544428 0.656348334690403 0.6817347320387576 0.7315618710342943 0.7261325481397556 0.9198407386686381 0.9211574340011258 1.0 0.9130219186948302 
34 0.9105038285703945 0.8640985597703272 0.8044345181578298 0.811063686542326 0.834266429953219 0.834266429953219 0.817693072948541 0.7348262879251505 0.7447702585236136 0.7215677331344393 0.7746023883407217 0.8011197159438628 0.8011197159438628 0.7646584177422586 0.7878611611531516 0.7878611611531516 0.7613436155282917 0.830951845760971 0.8508397869578971 0.8243224593547559 0.9171332149766095 0.8773571145610384 0.8939304715657163 1.0 
35 0.8484307264569773 0.7841285312247676 0.7244187899961587 0.7152325754586575 0.6968601463836548 0.7060463609211561 0.6555228342300485 0.637150405155046 0.7565698876122636 0.7933134392319693 0.8484307264569773 0.8530231804605781 0.7841285312247676 0.8530231804605781 0.8208720828444732 0.8208720828444732 0.7933134392319693 0.8300582973819746 0.811685868306972 0.8208720828444732 0.9954075459963991 0.9770351169213964 1.0 0.9678489023838952 
36 0.80749120833465 0.7579056132759096 0.7287376089498236 0.6762351888672637 0.6733184253214717 0.6674847752738324 0.6879024274845147 0.5945647644586177 0.6208160052389116 0.6733184253214717 0.7229040203802121 0.737488022543255 0.740404786089047 0.70735438283622 0.6937360160541263 0.7199871953563924 0.752072024706298 0.7491551996824782 0.8045743833108304 0.8162416219280814 0.9883328228607767 1.0 0.9562479935108712 0.9533312299650792 
37 0.6564229144067963 0.5104702458860901 0.45832695503648635 0.4183106070649312 0.3814816740850226 0.43162907683033924 0.4476903729344389 0.44231898027330113 0.48865859473363865 0.5146764793559251 0.5878043546250038 0.6346609224152517 0.6036277555157924 0.5640158587043061 0.527640596583772 0.5844257738369465 0.590832391542708 0.677245337495523 0.7214541491400835 0.7207904156354578 0.9441309536975933 1.0 0.9525580693572948 0.9121264301728477 
38 0.7197540660846258 0.6145029928132925 0.5609480268768838 0.5375941940560875 0.50956957069746 0.50956957069746 0.5235818823767738 0.4862157378766638 0.5329234035182563 0.5796310691598486 0.663704879301551 0.6964002332638297 0.6917294427259983 0.6263387348014411 0.6216679442636097 0.6543632982258883 0.6870586521881669 0.7337663178297594 0.785144774009183 0.7944862951506655 1.0 0.9906584788585175 0.9859876883206862 0.8692185242167052 
39 0.680922306021993 0.6095989803793902 0.5406767551093618 0.5195064699688102 0.4969834482472376 0.4894756331652836 0.4707064483973064 0.3993831227547036 0.4631986333153523 0.5683066327150772 0.6659068170328482 0.7635071425253822 0.8160610010504814 0.8235688161324354 0.812307164096886 0.8498458159823667 0.8648611637967484 0.8911381636466796 0.8986458375538705 0.7597531643970235 1.0 0.9249228374038018 0.9436921633465422 0.812307164096886 
40 0.678014871371186 0.562728507260002 0.5091857374840765 0.4608520853428406 0.504893022990798 0.4706649247545518 0.4753497051366058 0.40072966310822783 0.4921881889133534 0.5948151660310858 0.6985572924933626 0.8028793780125651 0.7442675625847045 0.6915567457717254 0.6873881628660694 0.7386470470926754 0.7388193390230369 0.8408911155698996 0.9064285239465434 0.7500688489406759 1.0 0.9445291207278045 0.9483602420769454 0.7859323638859833 
41 0.8484299638612923 0.7841275259202801 0.724418130808305 0.7152320631130649 0.6968599277225845 0.7060459954178246 0.6555226500382554 0.6371505326106095 0.7565693407973939 0.7933135936155201 0.8484299638612923 0.8530230066903295 0.7841275259202801 0.8530230066903295 0.8208717787384062 0.8208717787384062 0.7933135936155201 0.8300578464336463 0.8116857110431661 0.8208717787384062 0.9954069751337971 0.977034839743317 1.0 0.9678487900109111 
42 0.6928070947432556 0.5950639028316669 0.5182656765174807 0.49382987853958343 0.4624124444862616 0.4344858141278699 0.4309949817473754 0.4519399473447781 0.5531739716368614 0.6334630303315419 0.6893162623627611 0.7591328526015225 0.8114952809378114 0.7172428927211528 0.7032795918847391 0.7172428927211528 0.7416786906990499 0.7940411190353389 0.8184769170132361 0.8114952809378114 0.9825458667830919 1.0 0.9546192364247001 0.8114952809378114 
43 0.6661730919372981 0.6095239199537247 0.4804356664566383 0.3846109122941883 0.3987706765625028 0.3410121949634983 0.36029894411849217 0.42945285900818286 0.5356369260343483 0.6442704871751983 0.7416979612123615 0.7548017452907692 0.7617844872801303 0.6807187852634144 0.6452784832173901 0.6796019100240076 0.6279058369282382 0.7924302396016666 0.8026476558983167 0.8499872864623191 0.970906434119122 1.0 0.9139670957855692 0.8934740818991953 
44 0.6178582571899845 0.5296716956470291 0.47088066655645444 0.43728577744147457 0.44148513410407375 0.42468770745367723 0.4456844907666729 0.4834787365442519 0.5380704089722274 0.70604481873294 0.7564371344983163 0.8488230527038707 0.8656204793542674 0.8992153684692472 0.8782185493420647 0.890816655144049 0.9328102575842271 0.9034147251318464 0.895016011806648 0.890816655144049 1.0 0.8698198360168665 0.743839064510519 0.6346556838403811 
45 0.7762189016193011 0.7373004602767562 0.7113548488913439 0.6825726290088594 0.6918956039556451 0.6886524207307883 0.6886524207307883 0.7145980321162007 0.7956781465549998 0.8313533561438353 0.8540557843043909 0.9124334705826346 0.880001444218656 0.8767582124649465 0.5881131098851429 0.5945994763348565 0.8540557843043909 0.8702718460152329 0.8605421992829572 0.8572990160581004 1.0 0.9675679251071687 0.9578383269037457 0.9189198855612009 
46 0.6432517977636336 0.551141317616566 0.47500054767620326 0.44598123120249905 0.4389074189670167 0.41861882660043526 0.44177972331134274 0.39285402647585543 0.500984312705956 0.5563274021540171 0.6480346342512738 0.6907731472377984 0.6822303486519907 0.6482130051323199 0.6041712075402477 0.5864445256794154 0.6559331280757298 0.7143776220823045 0.8061197734864012 0.7875729234163911 1.0 0.9730517705777786 0.977029641819763 0.8413514537174018 
47 0.7948804507744499 0.7643307171157278 0.7381451897341548 0.7250524550152361 0.7163239845172021 0.5548468457255573 0.5723038446653608 0.6115820488221169 0.6770457803604459 0.7250524550152361 0.7861519223326804 0.9869072652810813 0.9694502663412778 0.9738145305621626 0.95199332534521 0.95199332534521 1.0 0.9650860600641287 0.9607217958432439 0.9781787947830474 0.9781787947830474 0.9650860600641287 0.9432647969034403 0.882165329585996 
48 0.8187310197718465 0.774638553859864 0.6913527849150082 0.6815545054556754 0.6717561796974572 0.6619578539392388 0.6521595281810205 0.6521595281810205 0.6962519477941175 0.7158485993105541 0.7452435765852091 0.8236301826509557 0.7991343682554098 0.7697393909807548 0.7501427394643182 0.7501427394643182 0.7550419023434274 0.7991343682554098 0.8187310197718465 0.8481259970465015 0.9118151144749207 0.9853025113626726 1.0 0.921613440233139 
49 0.7067870741425798 0.5469995495004679 0.4854866323465152 0.4376128486225364 0.41469825760608103 0.4287234396014035 0.47332859863210125 0.3862341712676835 0.4466996937900871 0.5444087996307403 0.6210123883455871 0.6751962139692667 0.6473321131325479 0.539928975006729 0.5643642396670935 0.5548813755416454 0.5940361139084767 0.6932279835274012 0.7992147385950455 0.7702391137856436 1.0 0.9336826541235306 0.9476369386571108 0.7779772990522617 
50 0.8074912791936287 0.7579055985446488 0.7287374421314521 0.6762351310946071 0.6733185007067419 0.6674848694241026 0.6879023936598857 0.5945646636445653 0.6208158191629879 0.6733185007067419 0.7229038108488128 0.7374880743088656 0.7404047046967308 0.7073543768907431 0.6937360249425252 0.7199871804609477 0.7520719672620095 0.7491549663672353 0.8045742782988545 0.8162415408641333 0.9883327374347213 1.0 0.9562479506336594 0.9533309497388852 
51 0.7005555424619222 0.6439938300168213 0.5541605045988853 0.5308704051266193 0.5208888916260503 0.49759879215378433 0.5075802464369163 0.4743086334640814 0.5508333136928834 0.6406666983282561 0.6972284107733572 0.763771636719027 0.7404814780293242 0.6639567978005223 0.6473210209228232 0.6706611591292146 0.7138641876510562 0.770425959313594 0.843623448636394 0.826987671758695 1.0 0.9733827096217319 0.956746932744033 0.863586416420095 
52 1.0 0.8948279283023776 0.9078642690459559 0.7326822977719463 0.6724975357021851 0.2407809035926429 0.1809211824708887 0.48788593314434864 0.3582745968180955 0.29020302211258603 0.21292142406611655 0.2363119216913573 0.24751245659166882 0.2678827489616306 0.2678827489616306 0.20936955036532007 0.35071547420083504 0.16504874687045437 0.2916472953387751 0.2558668301672967 0.3388841956190202 0.19573054608733614 0.061795661829199065 0.20294687898436756 
53 0.6767999625168116 0.5807999527291319 0.5039999381019883 0.4591999380657376 0.44959993482130306 0.43999993157686845 0.44959993482130306 0.4047999347850524 0.49759993971514294 0.532799947835292 0.6319999624805609 0.6319999624805609 0.6447999592542517 0.6351999560098172 0.6383999608674064 0.6319999624805609 0.6575999560279425 0.7375999641843421 0.801599970709462 0.8239999820559204 1.0 0.9807999935111308 0.9775999999818746 0.8527999804608911 
54 0.639052586261654 0.565974852722776 0.4878266959860004 0.4618345890840263 0.4271283151028513 0.45122457957641565 0.43893092648624055 0.44445249908335077 0.4980088462116255 0.5966055242276033 0.6564748710389577 0.6650132363819189 0.6861169392416967 0.7195999947572032 0.7095212553406793 0.6965993404158143 0.7316569154004136 0.7621212625327214 0.8691511810912479 0.8081171603801836 1.0 0.9339869689609617 0.9059716465507942 0.8128939533411237 
55 0.6862161607315637 0.6180023366909496 0.5736633216154122 0.5497884472078062 0.5293243065398748 0.5225029045030547 0.5259135728002 0.5020386983925941 0.5770739899125576 0.7100910351391697 0.7441979798807414 0.826054607994996 0.7544300502147071 0.7305552412496302 0.7271445075099556 0.7100910351391697 0.71691243717599 0.7680728542883475 0.7919477286959535 0.8465188141054566 1.0 0.993178663405709 0.8942684974781394 0.7851263266591333 
56 0.6866220197429596 0.5589495077965467 0.45449017442324935 0.41193268368301283 0.40806381727701835 0.3887194852470456 0.40032608446502926 0.40032608446502926 0.520260863599453 0.5976381519936403 0.6634088411698441 0.7253106639400532 0.6595399747638496 0.6053758848056294 0.5976381519936403 0.6208513305667559 0.6401956625967287 0.7253106639400532 0.8065567988773833 0.7794747538982734 1.0 0.9883934206448681 0.9883934206448681 0.8142945316893725 
57 0.2462393574003387 0.2066634386886509 0.8215451016304525 0.7858541406189712 0.7494472888577185 0.6787812109284568 0.7055494316870677 0.6430902032609047 0.812622361377582 0.9107725508152263 1.0 0.2117993856141978 0.10481244306209764 0.9375407715738372 0.8840043300566153 0.9018498105623559 0.9910772597471298 0.21114918661205917 0.24797020431346575 0.21270684619051786 0.28946471396702667 0.32754008013086844 0.292849145340099 0.2499260267998069 
58 0.7094282134803307 0.6314708093209722 0.5747732397895264 0.5605993485342019 0.5109897268854923 0.5180756702580807 0.5109897268854923 0.4401182660987221 0.4968158356301679 0.5464254572788775 0.596035078927587 0.6270107742420447 0.6314708093209722 0.6031210223001754 0.6172949135554998 0.6314708093209722 0.6810804309696818 0.7236021047356552 0.7661257830117765 0.8015615134051616 0.9787381608619393 1.0 0.9220425958406414 0.8440831871711351 
59 0.7402769985157983 0.6307634374547323 0.5656060150505848 0.5270746542146558 0.4951633786481994 0.4992292981181138 0.5006531196695974 0.4612606411362187 0.5603062074059515 0.6227710557700978 0.6477418029138852 0.6807661139850172 0.695570735758892 0.6333852338523848 0.6891956571406357 0.657941064808594 0.6982239408923382 0.7630851708960729 0.7909127554485902 0.7948678804487253 1.0 0.9697073233416734 0.9140031282236956 0.843281885844672 
60 0.7067870665371636 0.5469995593807848 0.4854866450550299 0.43761284233496656 0.4146982685332793 0.4287234405045186 0.4733286045182338 0.38623416995862714 0.4466997088640221 0.5444088007916212 0.6210124011092241 0.6751962051530619 0.6473321108755985 0.5399289670670825 0.5643642364823727 0.5548813819942578 0.5940361255114464 0.6932279764849355 0.7992147359361691 0.7702391231125449 1.0 0.9336826453906798 0.9476369509379187 0.7779772960227858 
61 0.7005555424619222 0.6439938300168213 0.5541605045988853 0.5308704051266193 0.5208888916260503 0.49759879215378433 0.5075802464369163 0.4743086334640814 0.5508333136928834 0.6406666983282561 0.6972284107733572 0.763771636719027 0.7404814780293242 0.6639567978005223 0.6473210209228232 0.6706611591292146 0.7138641876510562 0.770425959313594 0.843623448636394 0.826987671758695 1.0 0.9733827096217319 0.956746932744033 0.863586416420095 
62 0.6809222779648355 0.6095990422877183 0.5406767669169031 0.5195065135848842 0.49698341383442884 0.4894756706839394 0.4707064425087289 0.39938314198110514 0.4631986993582394 0.568306649511546 0.6659068565143631 0.7635071283676867 0.8160610710190868 0.8235688141695762 0.8123071994438421 0.8498457854952762 0.8648612069457486 0.8911381782714486 0.8986459214219381 0.759753256792442 1.0 0.9249228927476382 0.9436921857733552 0.8123071994438421 
63 0.6199738505240212 0.503726793360888 0.38925604832062444 0.3570532236403113 0.33952612882068156 0.3394608181174454 0.3216725022044263 0.39249927749898794 0.4270310901101351 0.503907043951562 0.5999468565917265 0.5987189849635084 0.578421908359201 0.5964285709631524 0.5382619725031297 0.5566679708535729 0.5762778190039073 0.6918205109838181 0.8263195096905924 0.8283614302570522 1.0 0.9653450592290106 0.9272120791656946 0.8313052119244356 
64 0.7385234843944748 0.664078283495384 0.6019349472486101 0.5759283384180168 0.5692847880660641 0.5430140071583085 0.5576788281427294 0.5131192885367937 0.5706750879693017 0.6329175516431251 0.6899334336684041 0.7143363921943944 0.7041534391933745 0.6804539331699996 0.6884374649343017 0.6719450763608258 0.6780567602640915 0.7291677673836549 0.8013003304415297 0.8207922042568437 0.9900147986681702 1.0 0.9687990133550307 0.8970071064804681 
65 0.663109540845774 0.7046970967163526 0.6632989951074083 0.529406910514118 0.529406910514118 0.529406910514118 0.5695896903183895 0.6075403753453663 0.7213627534070415 0.9120659388904223 0.9106737037580583 0.9087161692750373 0.9895987791448673 0.9051765624687375 0.8632768235020549 0.9030400085469815 0.9037046780459846 0.9040910536902274 0.986272846877207 0.9063628773803961 1.0 0.8671307195155025 0.8675912877078839 0.7856379118368515 
66 0.5744885464943821 0.5744885464943821 0.866991925193362 0.7768896797276328 0.7511461590241628 0.7382743986724277 0.7811802665115445 0.7296932636028124 0.8798636855450971 1.0 0.5744885464943821 0.5744885464943821 0.5744885464943821 0.5744885464943821 0.5744885464943821 0.5744885464943821 0.5744885464943821 0.5744885464943821 0.5744885464943821 0.5744885464943821 0.5744885464943821 0.5744885464943821 0.5744885464943821 0.5744885464943821 
67 0.7067863956819281 0.5469992553174142 0.4854862994711123 0.43761244978828184 0.41469796870158887 0.4287230052562632 0.47332894858428776 0.386233699876611 0.44669975159128344 0.5444086296209729 0.6210120073272418 0.6751955471242751 0.6473324600072837 0.5399285756994309 0.5643639486658223 0.554880932320855 0.5940360165460861 0.693227736980285 0.799214006555381 0.7702387876350077 1.0 0.9336819390012556 0.9476363122448648 0.7779769637605927 
68 0.6553700358159168 0.09518863760619099 0.038263472807551144 0.06382548293850748 0.04911749935524225 0.05871233447347625 0.044018940376628436 0.0 0.0 0.0 0.0 0.6298818213430021 0.6077700975158727 0.6017364966563145 0.5858420994304884 0.009733308005306331 0.6563483372205409 0.6817347645789154 0.7315618897676933 0.726132522666824 0.9198406963799369 0.9211573975291092 1.0 0.9130219351655946 
69 0.6809222144075129 0.6095991054125577 0.5406769112445796 0.5195063577438991 0.49698329732382757 0.4894754418543462 0.4707063091690153 0.39938320017406004 0.46319845369953405 0.5683064063187828 0.6659065034685504 0.7635071066066902 0.8160610829163146 0.8235684323974235 0.8123071551815739 0.8498454205522358 0.8648611314911984 0.8911381196460105 0.8986459751154919 0.7597531788719495 1.0 0.9249224572819317 0.943692095955635 0.8123071551815739 
70 0.6809222367720865 0.6095990084934109 0.5406767795469486 0.5195065096150836 0.49698338489550187 0.4894756766556413 0.47070640605598973 0.3993831777773141 0.46319869781612916 0.5683066131741775 0.6659068202923653 0.7635070274105531 0.8160611481234153 0.823568856363276 0.8123072940034851 0.8498458352027881 0.8648612516825092 0.8911382305220213 0.8986459387618819 0.7597531732906229 1.0 0.924922917601394 0.9436921882010455 0.8123072940034851 
